15046.269531
13503.349609
12697.709961
12669.290039
13863.959961
14196.480469
13651.179688
13832.480469
14879.759766
16376.299805
15992.809570
15992.440430
14992.290039
13961.360352
13009.240234
11867.059570
12503.759766
11887.309570
11733.820313
13259.280273
13087.450195
12264.019531
12247.679688
10654.400391
11850.309570
11391.389648
12319.790039
12786.040039
12725.410156
14183.299805
14338.580078
13721.269531
15046.269531
13503.349609
12697.709961
12669.290039
13863.959961
14196.480469
13651.179688
13832.480469
14879.759766
16376.299805
15992.809570
15992.440430
14992.290039
13961.360352
13009.240234
11867.059570
12503.759766
11887.309570
11733.820313
13259.280273
13087.450195
12264.019531
12247.679688
10654.400391
11850.309570
11391.389648
12319.790039
12786.040039
12725.410156
14183.299805
14338.580078
13721.269531
15046.269531
13503.349609
12697.709961
12669.290039
13863.959961
14196.480469
13651.179688
13832.480469
14879.759766
16376.299805
15992.809570
15992.440430
14992.290039
13961.360352
13009.240234
11867.059570
12503.759766
11887.309570
11733.820313
13259.280273
13087.450195
12264.019531
12247.679688
10654.400391
11850.309570
11391.389648
12319.790039
12786.040039
12725.410156
14183.299805
14338.580078
13721.269531
15046.269531
13503.349609
12697.709961
12669.290039
13863.959961
14196.480469
13651.179688
13832.480469
14879.759766
16376.299805
15992.809570
15992.440430
14992.290039
13961.360352
13009.240234
11867.059570
12503.759766
11887.309570
11733.820313
13259.280273
13087.450195
12264.019531
12247.679688
10654.400391
11850.309570
11391.389648
12319.790039
12786.040039
12725.410156
14183.299805
14338.580078
13721.269531
15046.269531
13503.349609
12697.709961
12669.290039
13863.959961
14196.480469
13651.179688
13832.480469
14879.759766
16376.299805
15992.809570
15992.440430
14992.290039
13961.360352
13009.240234
11867.059570
12503.759766
11887.309570
11733.820313
13259.280273
13087.450195
12264.019531
12247.679688
10654.400391
11850.309570
11391.389648
12319.790039
12786.040039
12725.410156
14183.299805
14338.580078
13721.269531
15046.269531
13503.349609
12697.709961
12669.290039
13863.959961
14196.480469
13651.179688
13832.480469
14879.759766
16376.299805
15992.809570
15992.440430
14992.290039
13961.360352
13009.240234
11867.059570
12503.759766
11887.309570
11733.820313
13259.280273
13087.450195
12264.019531
12247.679688
10654.400391
11850.309570
11391.389648
12319.790039
12786.040039
12725.410156
14183.299805
14338.580078
13721.269531
15046.269531
13503.349609
12697.709961
12669.290039
13863.959961
14196.480469
13651.179688
13832.480469
14879.759766
16376.299805
15992.809570
15992.440430
14992.290039
13961.360352
13009.240234
11867.059570
12503.759766
11887.309570
11733.820313
13259.280273
13087.450195
12264.019531
12247.679688
10654.400391
11850.309570
11391.389648
12319.790039
12786.040039
12725.410156
14183.299805
14338.580078
13721.269531
13721.269531
15046.269531
13503.349609
12697.709961
12669.290039
13863.959961
14196.480469
13651.179688
13832.480469
14879.759766
16376.299805
15992.809570
15992.440430
14992.290039
13961.360352
13009.240234
11867.059570
12503.759766
11887.309570
11733.820313
13259.280273
13087.450195
12264.019531
12247.679688
10654.400391
11850.309570
11391.389648
12319.790039
12786.040039
12725.410156
14183.299805
14338.580078
13721.269531
15046.269531
13503.349609
12697.709961
12669.290039
13863.959961
14196.480469
13651.179688
13832.480469
14879.759766
16376.299805
15992.809570
15992.440430
14992.290039
13961.360352
13009.240234
11867.059570
12503.759766
11887.309570
11733.820313
13259.280273
13087.450195
12264.019531
12247.679688
10654.400391
11850.309570
11391.389648
12319.790039
12786.040039
12725.410156
14183.299805
14338.580078
13721.269531
13721.269531
15046.269531
13503.349609
12697.709961
12669.290039
13863.959961
14196.480469
13651.179688
13832.480469
14879.759766
16376.299805
15992.809570
15992.440430
14992.290039
13961.360352
13009.240234
11867.059570
12503.759766
11887.309570
11733.820313
13259.280273
13087.450195
12264.019531
12247.679688
10654.400391
11850.309570
11391.389648
12319.790039
12786.040039
12725.410156
14183.299805
14338.580078
13721.269531
15046.269531
13503.349609
12697.709961
12669.290039
13863.959961
14196.480469
13651.179688
13832.480469
14879.759766
16376.299805
15992.809570
15992.440430
14992.290039
13961.360352
13009.240234
11867.059570
12503.759766
11887.309570
11733.820313
13259.280273
13087.450195
12264.019531
12247.679688
10654.400391
11850.309570
11391.389648
12319.790039
12786.040039
12725.410156
14183.299805
14338.580078
13721.269531
13721.269531
15046.269531
13503.349609
12697.709961
12669.290039
13863.959961
14196.480469
13651.179688
13832.480469
14879.759766
16376.299805
15992.809570
15992.440430
14992.290039
13961.360352
13009.240234
11867.059570
12503.759766
11887.309570
11733.820313
13259.280273
13087.450195
12264.019531
12247.679688
10654.400391
11850.309570
11391.389648
12319.790039
12786.040039
12725.410156
14183.299805
14338.580078
13721.269531
15046.269531
13503.349609
12697.709961
12669.290039
13863.959961
14196.480469
13651.179688
13832.480469
14879.759766
16376.299805
15992.809570
15992.440430
14992.290039
13961.360352
13009.240234
11867.059570
12503.759766
11887.309570
11733.820313
13259.280273
13087.450195
12264.019531
12247.679688
10654.400391
11850.309570
11391.389648
12319.790039
12786.040039
12725.410156
14183.299805
14338.580078
13721.269531
13721.269531
15046.269531
13503.349609
12697.709961
12669.290039
13863.959961
14196.480469
13651.179688
13832.480469
14879.759766
16376.299805
15992.809570
15992.440430
14992.290039
13961.360352
13009.240234
11867.059570
12503.759766
11887.309570
11733.820313
13259.280273
13087.450195
12264.019531
12247.679688
10654.400391
11850.309570
11391.389648
12319.790039
12786.040039
12725.410156
14183.299805
14338.580078
13721.269531
15046.269531
13503.349609
12697.709961
12669.290039
13863.959961
14196.480469
13651.179688
13832.480469
14879.759766
16376.299805
15992.809570
15992.440430
14992.290039
13961.360352
13009.240234
11867.059570
12503.759766
11887.309570
11733.820313
13259.280273
13087.450195
12264.019531
12247.679688
10654.400391
11850.309570
11391.389648
12319.790039
12786.040039
12725.410156
14183.299805
14338.580078
13721.269531
13721.269531
15046.269531
13503.349609
12697.709961
12669.290039
13863.959961
14196.480469
13651.179688
13832.480469
14879.759766
16376.299805
15992.809570
15992.440430
14992.290039
13961.360352
13009.240234
11867.059570
12503.759766
11887.309570
11733.820313
13259.280273
13087.450195
12264.019531
12247.679688
10654.400391
11850.309570
11391.389648
12319.790039
12786.040039
12725.410156
14183.299805
14338.580078
13721.269531
15046.269531
13503.349609
12697.709961
12669.290039
13863.959961
14196.480469
13651.179688
13832.480469
14879.759766
16376.299805
15992.809570
15992.440430
14992.290039
13961.360352
13009.240234
11867.059570
12503.759766
11887.309570
11733.820313
13259.280273
13087.450195
12264.019531
12247.679688
10654.400391
11850.309570
11391.389648
12319.790039
12786.040039
12725.410156
14183.299805
14338.580078
13721.269531
