1.07181
1.07064
1.07027
1.07241
1.07178
1.07226
1.07321
1.0733
1.0721
1.07276
1.07282
1.07155
1.07124
1.07192
1.07263
1.07151
1.07349
1.07364
1.07137
1.06881
1.06814
1.06734
1.06847
1.0684
1.06971
1.0672
1.06623
1.06355
1.06646
1.06634
1.0674
1.06582
1.06492
1.06457
1.06439
1.06458
1.06382
1.06459
1.0649
1.06383
1.06696
1.06424
1.06523
1.06396
1.06737
1.07092
1.07199
1.06989
1.07181
1.07831
1.07306
1.07163
1.07123
1.06961
1.07166
1.07264
1.07466
1.07076
1.07113
1.07142
1.07058
1.07266
1.07242
1.07064
1.07027
1.07241
1.07178
1.07226
1.07321
1.0733
1.0721
1.07276
1.07282
1.07155
1.07124
1.07192
1.07263
1.07151
1.07349
1.07364
1.07137
1.06881
1.06814
1.06734
1.06847
1.0684
1.06971
1.0672
1.06623
1.06355
1.06646
1.06634
1.0674
1.06582
1.06492
1.06457
1.06439
1.06458
1.06382
1.06459
1.0649
1.06383
1.06696
1.06424
1.06523
1.06396
1.06737
1.07092
1.07199
1.06989
1.07181
1.07831
1.07306
1.07163
1.07123
1.06961
1.07166
1.07264
1.07466
1.07076
1.07113
1.07142
1.07058
1.07266
1.07242
1.07064
1.07027
1.07241
1.07178
1.07226
1.07321
1.0733
1.0721
1.07276
1.07282
1.07155
1.07124
1.07192
1.07263
1.07151
1.07349
1.07364
1.07137
1.06881
1.06814
1.06734
1.06847
1.0684
1.06971
1.0672
1.06623
1.06355
1.06646
1.06634
1.0674
1.06582
1.06492
1.06457
1.06439
1.06458
1.06382
1.06459
1.0649
1.06383
1.06696
1.06424
1.06523
1.06396
1.06737
1.07092
1.07199
1.06989
1.07181
1.07831
1.07306
1.07163
1.07123
1.06961
1.07166
1.07264
1.07466
1.07076
1.07113
1.07142
1.07058
1.07266
1.07242
1.06895
1.06922
1.06852
1.0698
1.07115
1.07016
1.06843
1.06805
1.07282
1.07155
1.07124
1.07192
1.07263
1.07151
1.07349
1.07364
1.07137
1.06881
1.06814
1.06734
1.06847
1.0684
1.06971
1.0672
1.06623
1.06355
1.06646
1.06634
1.0674
1.06582
1.06492
1.06457
1.06439
1.06458
1.06382
1.06459
1.0649
1.06383
1.06696
1.06424
1.06523
1.06396
1.06737
1.07092
1.07199
1.06989
1.07181
1.07831
1.07306
1.07163
1.07123
1.06961
1.07166
1.07264
1.07466
1.07076
1.07113
1.07142
1.07058
1.07266
1.07242
1.06895
1.06922
1.06852
1.0698
1.07115
1.07016
1.06843
1.06805
1.06833
1.06866
1.06728
1.06688
1.06863
1.06931
1.07059
1.06985
1.08003
1.08366
1.08396
1.08248
1.08336
1.08399
1.08559
1.08081
1.08451
1.08545
1.08873
1.09415
1.09419
1.0938
1.09518
1.09429
1.09395
1.092
1.0875
1.09011
1.09313
1.0911
1.09172
1.08994
1.08917
1.09098
1.09061
1.08812
1.08922
1.08628
1.08641
1.08473
1.0858
1.0842
1.08572
1.08518
1.08606
1.08959
1.08695
1.09019
1.08784
1.08499
1.08609
1.08403
1.08587
1.08838
1.09122
1.09333
1.09294
1.09348
1.09544
1.09534
1.09827
1.09862
1.10148
1.10411
1.10077
1.10243
1.10505
1.10435
1.10277
1.09973
1.10626
1.10384
1.10122
1.10783
1.1153
1.12647
1.13862
1.14412
1.13994
1.15088
1.15008
1.14578
1.1479
1.14489
1.13297
1.13301
1.13719
1.14471
1.14096
1.13626
1.12856
1.13456
1.13649
1.13891
1.13999
1.13907
1.1419
1.13942
1.14377
1.14591
1.14271
1.14172
1.14022
1.13738
1.14028
1.14218
1.13947
1.14357
1.14962
1.14547
1.14733
1.14713
1.15015
1.15456
1.15367
1.15642
1.15782
1.14553
1.14401
1.14242
1.14431
1.14257
1.14453
1.14401
1.14667
1.14593
1.14719
1.1522
1.15265
1.15377
1.15281
1.15023
1.14998
1.15157
1.15452
1.16071
1.15866
1.1594
1.16926
1.16901
1.16336
1.16127
1.16194
1.16435
1.16392
1.16354
1.16044
1.15438
1.15811
1.15865
1.15774
1.15885
1.16565
1.16678
1.16771
1.16901
1.16702
1.16255
1.1607
1.16276
1.1677
1.16961
1.16821
1.1664
1.17127
1.16577
1.16772
1.16795
1.16718
1.17052
1.16826
1.16824
1.16325
1.163
1.16614
1.1674
1.16195
1.16711
1.17151
1.17348
1.17312
1.17364
1.17361
1.16903
1.17019
