1823.93
2002.46
2138.02
2526.41
2508.35
2988.16
3577.86
2582.05
2701.14
2387.12
2309.49
2381.76
2502.65
2397.55
2183.05
2073.71
2125.75
2259.31
1914.16
1755.93
1798.32
1717.93
1820.02
1736.09
1633.26
1528.25
1454.28
1567.39
1525.55
1526.93
1565.79
1570.96
1782.02
2066.53
1945.70
1617.50
1522.44
1515.18
1504.60
1496.00
1391.86
1296.05
1275.15
1296.78
1256.45
1211.81
1150.03
1134.80
1097.55
1177.07
1266.83
1280.47
1317.05
1306.79
1275.55
1313.05
1305.05
1269.61
1173.78
1159.05
1207.10
1206.76
1201.85
1151.33
1108.53
1123.96
1165.30
1202.13
1172.14
1115.38
1087.10
1039.81
1094.30
1174.59
1269.93
1289.03
1278.72
1322.59
1400.58
1492.42
1455.36
1569.22
1698.05
1892.59
1878.31
2060.55
1916.15
1805.07
1849.00
1762.69
1780.05
1860.10
1888.32
1760.83
1674.32
1654.07
1656.74
1589.34
1591.55
1612.48
1587.23
1589.26
1482.48
1458.70
1463.36
1407.38
1336.34
1449.52
1500.29
1575.61
1580.01
1631.57
1561.44
1625.25
1567.55
1591.99
1710.58
1610.60
1607.86
1598.99
1530.51
1485.79
1465.56
1437.70
1418.16
1364.72
1307.24
1309.21
1310.90
1342.27
1304.06
1294.96
1249.06
1218.46
1186.85
1181.59
1278.20
1323.46
1315.31
1403.76
1431.32
1492.48
1474.41
1472.76
1554.48
1680.28
1670.27
1577.05
1457.14
1466.79
1506.31
1563.50
1527.63
1601.21
1500.24
1473.86
1565.41
1615.65
1604.36
1509.17
1496.91
1538.77
1466.13
1416.39
1377.08
1344.56
1282.50
1327.46
1344.63
1368.59
1369.34
1405.00
1369.99
1343.30
1353.97
1338.09
1291.60
1301.25
1310.58
1372.20
1375.07
1378.28
1422.16
1389.27
1332.01
1398.49
1409.85
1436.09
1456.31
1415.57
1474.25
1508.34
1554.91
1606.49
1685.63
1655.99
1729.74
1623.22
1677.72
1709.27
1692.19
1723.60
1819.57
1813.90
1849.18
1834.43
1882.85
1979.85
1894.29
1743.70
1731.30
1778.79
1867.84
1839.91
1928.71
2050.59
2247.45
2377.86
2455.33
2429.13
2621.11
2861.48
2477.34
2512.71
2459.93
2472.88
2654.59
2702.80
2813.63
2809.34
2832.20
2761.73
2814.79
2792.75
2676.93
2732.44
2515.77
2391.25
2442.37
2506.89
2381.69
2445.52
2776.93
3005.29
2959.27
2902.90
2957.86
3071.24
2764.38
2525.82
2121.41
1852.43
1490.43
1413.12
1330.20
1335.84
1420.85
1460.45
1573.73
1667.96
1933.75
1834.11
1878.57
1949.29
2180.10
2235.15
2048.93
2205.63
2316.73
2040.53
1931.39
1988.27
2118.14
2162.34
2346.57
2333.07
2350.67
2439.53
2508.18
2555.50
2678.11
2596.45
2557.76
2525.43
2379.35
2293.46
2180.65
2079.98
2022.25
2144.20
2207.92
2184.16
2049.67
2007.63
1890.18
1876.25
1845.38
2064.12
1974.30
1948.83
2086.76
2037.75
2053.60
1909.57
1861.67
1832.02
1814.54
1769.61
1817.62
1761.30
1814.58
1747.96
1739.81
1727.41
1695.17
1705.37
1810.67
1751.05
1838.95
1948.30
2030.49
1990.43
1946.19
2055.55
1909.46
1814.72
1817.82
1773.86
1819.19
1804.04
1687.73
1639.50
1548.13
1589.60
1516.49
1467.89
1497.20
1481.10
1531.26
1531.01
1571.23
1550.63
1593.51
1629.05
1639.28
1592.36
1665.90
1737.11
1727.74
1791.24
1860.75
1901.47
1921.22
1913.02
1885.29
1902.96
2030.01
2096.49
2131.49
2097.44
2080.47
