5365.830078
5363.649902
5362.410156
5360.810059
5351.740234
5362.879883
5361.370117
5383.810059
5368.290039
5372.379883
5386.810059
5394.799805
5374.890137
5455.399902
5494.129883
5493.629883
5503.290039
5514.290039
5510.500000
5517.970215
5507.250000
5480.640137
5471.430176
5407.750000
5380.720215
5341.629883
5315.580078
5301.250000
5336.390137
5319.169922
5340.450195
5366.149902
5352.759766
5379.540039
5390.459961
5360.089844
5390.479980
5398.049805
5372.790039
5316.890137
5389.290039
5375.529785
5374.350098
5383.859863
5399.089844
5386.830078
5427.189941
5399.450195
5357.140137
5349.299805
5420.580078
5382.910156
5352.770020
5385.970215
5364.720215
5368.839844
5339.419922
5312.560059
5288.600098
5331.279785
5413.689941
5470.750000
5365.830078
5363.649902
5362.410156
5360.810059
5351.740234
5362.879883
5361.370117
5383.810059
5368.290039
5372.379883
5386.810059
5394.799805
5374.890137
5455.399902
5494.129883
5493.629883
5503.290039
5514.290039
5510.500000
5517.970215
5507.250000
5480.640137
5471.430176
5407.750000
5380.720215
5341.629883
5315.580078
5301.250000
5336.390137
5319.169922
5340.450195
5366.149902
5352.759766
5379.540039
5390.459961
5360.089844
5390.479980
5398.049805
5372.790039
5316.890137
5389.290039
5375.529785
5374.350098
5383.859863
5399.089844
5386.830078
5427.189941
5399.450195
5357.140137
5349.299805
5420.580078
5382.910156
5352.770020
5385.970215
5364.720215
5368.839844
5339.419922
5312.560059
5288.600098
5331.279785
5413.689941
5470.750000
5365.830078
5363.649902
5362.410156
5360.810059
5351.740234
5362.879883
5361.370117
5383.810059
5368.290039
5372.379883
5386.810059
5394.799805
5374.890137
5455.399902
5494.129883
5493.629883
5503.290039
5514.290039
5510.500000
5517.970215
5507.250000
5480.640137
5471.430176
5407.750000
5380.720215
5341.629883
5315.580078
5301.250000
5336.390137
5319.169922
5340.450195
5366.149902
5352.759766
5379.540039
5390.459961
5360.089844
5390.479980
5398.049805
5372.790039
5316.890137
5389.290039
5375.529785
5374.350098
5383.859863
5399.089844
5386.830078
5427.189941
5399.450195
5357.140137
5349.299805
5420.580078
5382.910156
5352.770020
5385.970215
5364.720215
5368.839844
5339.419922
5312.560059
5288.600098
5331.279785
5413.689941
5470.750000
5365.830078
5363.649902
5362.410156
5360.810059
5351.740234
5362.879883
5361.370117
5383.810059
5368.290039
5372.379883
5386.810059
5394.799805
5374.890137
5455.399902
5494.129883
5493.629883
5503.290039
5514.290039
5510.500000
5517.970215
5507.250000
5480.640137
5471.430176
5407.750000
5380.720215
5341.629883
5315.580078
5301.250000
5336.390137
5319.169922
5340.450195
5366.149902
5352.759766
5379.540039
5390.459961
5360.089844
5390.479980
5398.049805
5372.790039
5316.890137
5389.290039
5375.529785
5374.350098
5383.859863
5399.089844
5386.830078
5427.189941
5399.450195
5357.140137
5349.299805
5420.580078
5382.910156
5352.770020
5385.970215
5364.720215
5368.839844
5339.419922
5312.560059
5288.600098
5331.279785
5413.689941
5470.750000
5365.830078
5363.649902
5362.410156
5360.810059
5351.740234
5362.879883
5361.370117
5383.810059
5368.290039
5372.379883
5386.810059
5394.799805
5374.890137
5455.399902
5494.129883
5493.629883
5503.290039
5514.290039
5510.500000
5517.970215
5507.250000
5480.640137
5471.430176
5407.750000
5380.720215
5341.629883
5315.580078
5301.250000
5336.390137
5319.169922
5340.450195
5366.149902
5352.759766
5379.540039
5390.459961
5360.089844
5390.479980
5398.049805
5372.790039
5316.890137
5389.290039
5375.529785
5374.350098
5383.859863
5399.089844
5386.830078
5427.189941
5399.450195
5357.140137
5349.299805
5420.580078
5382.910156
5352.770020
5385.970215
5364.720215
5368.839844
5339.419922
5312.560059
5288.600098
5331.279785
5413.689941
5470.750000
5365.830078
5363.649902
5362.410156
5360.810059
5351.740234
5362.879883
5361.370117
5383.810059
5368.290039
5372.379883
5386.810059
5394.799805
5374.890137
5455.399902
5494.129883
5493.629883
5503.290039
5514.290039
5510.500000
5517.970215
5507.250000
5480.640137
5471.430176
5407.750000
5380.720215
5341.629883
5315.580078
5301.250000
5336.390137
5319.169922
5340.450195
5366.149902
5352.759766
5379.540039
5390.459961
5360.089844
5390.479980
5398.049805
5372.790039
5316.890137
5389.290039
5375.529785
5374.350098
5383.859863
5399.089844
5386.830078
5427.189941
5399.450195
5357.140137
5349.299805
5420.580078
5382.910156
5352.770020
5385.970215
5364.720215
5368.839844
5339.419922
5312.560059
5288.600098
5331.279785
5413.689941
5470.750000
